Symmetry groups of densest packings of equal spheres in a sphere

Author: Hugo Pfoertner http://www.pfoertner.org/

URL of this file:
http://www.randomwalk.de/sphere/insphr/sphinsphsyms.txt

Date of laste change: 2013 Aug 25

The coordinates of the corresponding configurations are stored at
http://www.randomwalk.de/sphere/insphr/sequences.txt
and
http://www.randomwalk.de/sequences/a084827.txt

 0.001   N=   4
( 1)( 2)( 3)( 4)
( 1)( 2)( 3  4)
( 1)( 2  3)( 4)
( 1)( 2  3  4)
( 1)( 2  4  3)
( 1)( 2  4)( 3)
( 1  2)( 3)( 4)
( 1  2)( 3  4)
( 1  2  3)( 4)
( 1  2  3  4)
( 1  2  4  3)
( 1  2  4)( 3)
( 1  3  2)( 4)
( 1  3  4  2)
( 1  3)( 2)( 4)
( 1  3  4)( 2)
( 1  3)( 2  4)
( 1  3  2  4)
( 1  4  3  2)
( 1  4  2)( 3)
( 1  4  3)( 2)
( 1  4)( 2)( 3)
( 1  4  2  3)
( 1  4)( 2  3)
Tetrahedron
C...+....1....+....2....+....3....+....4....+....5....+....6....+....7..
 0.001   N=   5
( 1)( 2)( 3)( 4)( 5)
( 1)( 2)( 3  4)( 5)
( 1)( 2  3)( 4)( 5)
( 1)( 2  3  4)( 5)
( 1)( 2  4  3)( 5)
( 1)( 2  4)( 3)( 5)
( 1  5)( 2)( 3)( 4)
( 1  5)( 2)( 3  4)
( 1  5)( 2  3)( 4)
( 1  5)( 2  3  4)
( 1  5)( 2  4  3)
( 1  5)( 2  4)( 3)
dihedral O12
C...+....1....+....2....+....3....+....4....+....5....+....6....+....7..
 0.001   N=   6
( 1)( 2)( 3)( 4)( 5)( 6)
( 1)( 2)( 3  4)( 5)( 6)
( 1)( 2  3)( 4  5)( 6)
( 1)( 2  3  5  4)( 6)
( 1)( 2  4  5  3)( 6)
( 1)( 2  4)( 3  5)( 6)
( 1)( 2  5)( 3)( 4)( 6)
( 1)( 2  5)( 3  4)( 6)
( 1  6)( 2)( 3)( 4)( 5)
( 1  6)( 2)( 3  4)( 5)
( 1  6)( 2  3)( 4  5)
( 1  6)( 2  3  5  4)
( 1  6)( 2  4  5  3)
( 1  6)( 2  4)( 3  5)
( 1  6)( 2  5)( 3)( 4)
( 1  6)( 2  5)( 3  4)
( 1  2)( 3)( 4)( 5  6)
( 1  2)( 3  4)( 5  6)
( 1  2  6  5)( 3)( 4)
( 1  2  6  5)( 3  4)
( 1  2  3)( 4  6  5)
( 1  2  3  6  5  4)
( 1  2  4  6  5  3)
( 1  2  4)( 3  6  5)
( 1  3  2)( 4  5  6)
( 1  3  5  6  4  2)
( 1  3  2  6  4  5)
( 1  3  5)( 2  6  4)
( 1  3)( 2)( 4  6)( 5)
( 1  3  6  4)( 2)( 5)
( 1  3)( 2  5)( 4  6)
( 1  3  6  4)( 2  5)
( 1  4  5  6  3  2)
( 1  4  2)( 3  5  6)
( 1  4  5)( 2  6  3)
( 1  4  2  6  3  5)
( 1  4  6  3)( 2)( 5)
( 1  4)( 2)( 3  6)( 5)
( 1  4  6  3)( 2  5)
( 1  4)( 2  5)( 3  6)
( 1  5  6  2)( 3)( 4)
( 1  5  6  2)( 3  4)
( 1  5)( 2  6)( 3)( 4)
( 1  5)( 2  6)( 3  4)
( 1  5  4  6  2  3)
( 1  5  4)( 2  3  6)
( 1  5  3)( 2  4  6)
( 1  5  3  6  2  4)
Octahedron O 48
C...+....1....+....2....+....3....+....4....+....5....+....6....+....7..
 0.001   N=   7
( 1)( 2)( 3)( 4)( 5)( 6)( 7)
( 1)( 2  3)( 4  5)( 6)( 7)
( 1  2)( 3)( 4)( 5  6)( 7)
( 1  2  3)( 4  6  5)( 7)
( 1  3  2)( 4  5  6)( 7)
( 1  3)( 2)( 4  6)( 5)( 7)
dihedral O 6
C...+....1....+....2....+....3....+....4....+....5....+....6....+....7..
 0.001   N=   8
( 1)( 2)( 3)( 4)( 5)( 6)( 7)( 8)
( 1)( 2  3)( 4)( 5  6)( 7  8)
( 1  7)( 2  5)( 3  8)( 4  6)
( 1  7  3  5  4  6  2  8)
( 1  3)( 2  4)( 5  8)( 6)( 7)
( 1  3  4  2)( 5  6  8  7)
( 1  6  3  8  4  7  2  5)
( 1  6)( 2  8)( 3  5)( 4  7)
( 1  2)( 3  4)( 5)( 6  7)( 8)
( 1  2  4  3)( 5  7  8  6)
( 1  4)( 2  3)( 5  8)( 6  7)
( 1  4)( 2)( 3)( 5  7)( 6  8)
( 1  5)( 2  6)( 3  7)( 4  8)
( 1  5  2  7  4  8  3  6)
( 1  8  2  6  4  5  3  7)
( 1  8)( 2  7)( 3  6)( 4  5)
dihedral O 16
C...+....1....+....2....+....3....+....4....+....5....+....6....+....7..
 0.001   N=   9
( 1)( 2)( 3)( 4)( 5)( 6)( 7)( 8)( 9)
( 1)( 2  3)( 4  5)( 6)( 7)( 8  9)
( 1  8)( 2  7)( 3  9)( 4)( 5  6)
( 1  8  3  7  2  9)( 4  6  5)
( 1  3)( 2)( 4  6)( 5)( 7  9)( 8)
( 1  3  2)( 4  5  6)( 7  9  8)
( 1  2)( 3)( 4)( 5  6)( 7  8)( 9)
( 1  2  3)( 4  6  5)( 7  8  9)
( 1  7)( 2  9)( 3  8)( 4  5)( 6)
( 1  7)( 2  8)( 3  9)( 4)( 5)( 6)
( 1  9  2  7  3  8)( 4  5  6)
( 1  9)( 2  8)( 3  7)( 4  6)( 5)
dihedral O 12
C...+....1....+....2....+....3....+....4....+....5....+....6....+....7..
 0.001   N=  10
( 1)( 2)( 3)( 4)( 5)( 6)( 7)( 8)( 9)(10)
( 1  4)( 2  8)( 3 10)( 5  6)( 7  9)
( 1  4)( 2  5)( 3 10)( 6  8)( 7)( 9)
( 1)( 2  6)( 3)( 4)( 5  8)( 7  9)(10)
dihedral O 4
C...+....1....+....2....+....3....+....4....+....5....+....6....+....7..
 0.001   N=  11
( 1)( 2)( 3)( 4)( 5)( 6)( 7)( 8)( 9)(10)(11)
( 1  3)( 2  5)( 4)( 6  9)( 7)( 8 10)(11)
( 1)( 2  3)( 4  5)( 6  7)( 8  9)(10)(11)
( 1  2  4  5  3)( 6  8 10  9  7)(11)
( 1  5  2  3  4)( 6  9  8  7 10)(11)
( 1  4)( 2)( 3  5)( 6  8)( 7 10)( 9)(11)
( 1  3  5  4  2)( 6  7  9 10  8)(11)
( 1  5)( 2  4)( 3)( 6 10)( 7  9)( 8)(11)
( 1  2)( 3  4)( 5)( 6)( 7  8)( 9 10)(11)
( 1  4  3  2  5)( 6 10  7  8  9)(11)
dihedral O 10
C...+....1....+....2....+....3....+....4....+....5....+....6....+....7..
 0.001   N=  12
( 1)( 2)( 3)( 4)( 5)( 6)( 7)( 8)( 9)(10)(11)(12)
( 1)( 2  3)( 4  5)( 6)( 7)( 8  9)(10 11)(12)
( 1  4)( 2)( 3  8)( 5 10)( 6)( 7)( 9 12)(11)
( 1  4 10 11  5)( 2  8 12  9  3)( 6)( 7)
( 1  5 11 10  4)( 2  3  9 12  8)( 6)( 7)
( 1  5)( 2  9)( 3)( 4 11)( 6)( 7)( 8 12)(10)
( 1 10)( 2  8)( 3 12)( 4)( 5 11)( 6)( 7)( 9)
( 1 10  5  4 11)( 2 12  3  8  9)( 6)( 7)
( 1 11  4  5 10)( 2  9  8  3 12)( 6)( 7)
( 1 11)( 2 12)( 3  9)( 4 10)( 5)( 6)( 7)( 8)
( 1  2)( 3  4)( 5  8)( 6  7)( 9 10)(11 12)
( 1  2  4  8 10 12 11  9  5  3)( 6  7)
( 1  3  5  9 11 12 10  8  4  2)( 6  7)
( 1  3)( 2  5)( 4  9)( 6  7)( 8 11)(10 12)
( 1  8)( 2  4)( 3 10)( 5 12)( 6  7)( 9 11)
( 1  8 11  3  4 12  5  2 10  9)( 6  7)
( 1  9 10  2  5 12  4  3 11  8)( 6  7)
( 1  9)( 2 11)( 3  5)( 4 12)( 6  7)( 8 10)
( 1 12)( 2 10)( 3 11)( 4  8)( 5  9)( 6  7)
( 1 12)( 2 11)( 3 10)( 4  9)( 5  8)( 6  7)
( 1  6)( 2 10)( 3 11)( 4)( 5)( 7 12)( 8)( 9)
( 1  6)( 2 11)( 3 10)( 4  5)( 7 12)( 8  9)
( 1  4  6)( 2 10  5)( 3  8 11)( 7 12  9)
( 1  4  2  8  7 12  9 11  5  6)( 3 10)
( 1  2  8 10  6)( 3  7 12 11  5)( 4)( 9)
( 1  2  7 12 11  6)( 3  8  9 10  5  4)
( 1  3  9 11  6)( 2  7 12 10  4)( 5)( 8)
( 1  3  7 12 10  6)( 2  9  8 11  4  5)
( 1  5  3  9  7 12  8 10  4  6)( 2 11)
( 1  5  6)( 2  9 10)( 3 11  4)( 7 12  8)
( 1  6  4)( 2  5 10)( 3 11  8)( 7  9 12)
( 1  6  4 10  8 12  7  9  3  5)( 2 11)
( 1)( 2  5)( 3)( 4  6)( 7  9)( 8 11)(10)(12)
( 1)( 2  3  5  6  4)( 7  9 11 10  8)(12)
( 1  2  3  7  9 12 11 10  6  4)( 5  8)
( 1  2  7  9  5)( 3)( 4  8 12 11  6)(10)
( 1  8  3 12  5 10)( 2  7  9 11  6  4)
( 1  8 11)( 2 12  5)( 3  7  9)( 4 10  6)
( 1 10)( 2 11)( 3 12)( 4  6)( 5  8)( 7  9)
( 1 10  2 12  3 11)( 4  8  7  9  5  6)
( 1  7 11  4  3 12  6  2  9 10)( 5  8)
( 1  7 11)( 2 12  6)( 3  9  5)( 4  8 10)
( 1)( 2  6)( 3  5)( 4)( 7 11)( 8 10)( 9)(12)
( 1)( 2  5  4  3  6)( 7 11  8  9 10)(12)
( 1  4)( 2  6)( 3 10)( 5  8)( 7 11)( 9 12)
( 1  4  8 12  9  5)( 2 10  7 11  3  6)
( 1  3  5)( 2  9  6)( 4  7 11)( 8 12 10)
( 1  3  9 12 10  4)( 2  5  7 11  8  6)
( 1  8  9  6  2 12  5  4  7 11)( 3 10)
( 1  8  6  2 10)( 3 12  5  7 11)( 4)( 9)
( 1  7 10)( 2  8  4)( 3 12  6)( 5  9 11)
( 1  7 10  5  2 12  6  3  8 11)( 4  9)
( 1)( 2  4)( 3  6)( 5)( 7 10)( 8)( 9 11)(12)
( 1)( 2  6  3  4  5)( 7 10  9  8 11)(12)
( 1  2  8 12 11  5)( 3  4  7 10  9  6)
( 1  2  4)( 3  8  6)( 5  7 10)( 9 12 11)
( 1  5  9 12  8  4)( 2  6  3 11  7 10)
( 1  5)( 2 11)( 3  6)( 4  9)( 7 10)( 8 12)
( 1  9  6  3 11)( 2 12  4  7 10)( 5)( 8)
( 1  9  8  6  3 12  4  5  7 10)( 2 11)
( 1  6  5 11  9 12  7  8  2  4)( 3 10)
( 1  6  5)( 2 10  9)( 3  4 11)( 7  8 12)
( 1)( 2  4  6  5  3)( 7  8 10 11  9)(12)
( 1)( 2)( 3  4)( 5  6)( 7  8)( 9 10)(11)(12)
( 1  3  7  8  4)( 2)( 5  9 12 10  6)(11)
( 1  3  2  7  8 12 10 11  6  5)( 4  9)
( 1  9 10)( 2  7  8)( 3 12  4)( 5 11  6)
( 1  9  2 12  4 11)( 3  7  8 10  6  5)
( 1 11  3 12  2 10)( 4  6  5  9  7  8)
( 1 11)( 2 12)( 3 10)( 4  9)( 5  6)( 7  8)
( 1  7  5 12  6  8)( 2  3  9 11 10  4)
( 1  7  5  2  9)( 3)( 4 12  6  8 11)(10)
( 1  4  2)( 3  6  8)( 5 10  7)( 9 11 12)
( 1  4 10 12  9  3)( 2  6  8 11  7  5)
( 1  2  3)( 4  7  5)( 6  8  9)(10 12 11)
( 1  2)( 3)( 4)( 5  7)( 6  8)( 9)(10)(11 12)
( 1 10  2  6  8)( 3 11  7  5 12)( 4)( 9)
( 1 10  7  5  4 12  3  6  8  9)( 2 11)
( 1 12)( 2  9  6  8  3 11  4  7  5 10)
( 1 12)( 2 11)( 3  9)( 4 10)( 5  7)( 6  8)
( 1  7  4  3  8)( 2)( 5 12  6  9 10)(11)
( 1  7  4 12  6  9)( 2  8 10 11  5  3)
( 1  3)( 2)( 4  7)( 5)( 6  9)( 8)(10 12)(11)
( 1  3  2)( 4  5  7)( 6  9  8)(10 11 12)
( 1  5 11 12  8  2)( 3  6  9 10  7  4)
( 1  5  3)( 2  6  9)( 4 11  7)( 8 10 12)
( 1 11  7  4  5 12  2  6  9  8)( 3 10)
( 1 11  3  6  9)( 2 10  7  4 12)( 5)( 8)
( 1 12)( 2  8)( 3 10)( 4  7)( 5 11)( 6  9)
( 1 12)( 2 10  5  7  4 11  3  8  6  9)
( 1  6 10  8  2)( 3  5 11 12  7)( 4)( 9)
( 1  6 10 12  7  3)( 2  5  4 11  8  9)
( 1  4  6 10 11 12  9  7  3  2)( 5  8)
( 1  4  8  7  3)( 2)( 5  6 10 12  9)(11)
( 1  8)( 2)( 3  7)( 4)( 5 12)( 6 10)( 9)(11)
( 1  8  9)( 2  7  3)( 4 12  5)( 6 10 11)
( 1 11  8)( 2  5 12)( 3  9  7)( 4  6 10)
( 1 11  4 12  2  9)( 3  5  6 10  8  7)
( 1 12)( 2  7  3  9  5 11  6 10  4  8)
( 1 12)( 2  9)( 3  7)( 4 11)( 5  8)( 6 10)
( 1  6 11 12  7  2)( 3  4  5 10  9  8)
( 1  6 11  9  3)( 2  4 10 12  7)( 5)( 8)
( 1  5  9  7  2)( 3)( 4  6 11 12  8)(10)
( 1  5  6 11 10 12  8  7  2  3)( 4  9)
( 1  9  8)( 2  3  7)( 4  5 12)( 6 11 10)
( 1  9)( 2  7)( 3)( 4 12)( 5)( 6 11)( 8)(10)
( 1 10  5 12  3  8)( 2  4  6 11  9  7)
( 1 10  9)( 2  8  7)( 3  4 12)( 5  6 11)
( 1 12)( 2  7)( 3  8)( 4  9)( 5 10)( 6 11)
( 1 12)( 2  8  4 10  6 11  5  9  3  7)
( 1  7)( 2)( 3)( 4  8)( 5  9)( 6 12)(10)(11)
( 1  7)( 2  3)( 4  9)( 5  8)( 6 12)(10 11)
( 1  8  3  4  7)( 2)( 5 10  9  6 12)(11)
( 1  8  6 12  5  7)( 2  4 10 11  9  3)
( 1  9  6 12  4  7)( 2  3  5 11 10  8)
( 1  9  2  5  7)( 3)( 4 11  8  6 12)(10)
( 1 10  7)( 2  4  8)( 3  6 12)( 5 11  9)
( 1 10  9  2  6 12  3  4 11  7)( 5  8)
( 1 11  8  3  6 12  2  5 10  7)( 4  9)
( 1 11  7)( 2  6 12)( 3  5  9)( 4 10  8)
Icosahedron
C...+....1....+....2....+....3....+....4....+....5....+....6....+....7..
 0.001   N=  13
( 1)( 2)( 3)( 4)( 5)( 6)( 7)( 8)( 9)(10)(11)(12)(13)
( 1  5)( 2 10)( 3)( 4 12)( 6)( 7)( 8)( 9 13)(11)
( 1 12)( 2 13)( 3 10)( 4 11)( 5)( 6)( 7)( 8)( 9)
( 1  5 12 11  4)( 2  3 10 13  9)( 6)( 7)( 8)
( 1  4 11 12  5)( 2  9 13 10  3)( 6)( 7)( 8)
( 1)( 2  3)( 4  5)( 6)( 7)( 8)( 9 10)(11 12)(13)
( 1 11  5  4 12)( 2 13  3  9 10)( 6)( 7)( 8)
( 1  4)( 2)( 3  9)( 5 11)( 6)( 7)( 8)(10 13)(12)
( 1 11)( 2  9)( 3 13)( 4)( 5 12)( 6)( 7)( 8)(10)
( 1 12  4  5 11)( 2 10  9  3 13)( 6)( 7)( 8)
( 1  3)( 2  5)( 4 10)( 6  8)( 7)( 9 12)(11 13)
( 1  2  4  9 11 13 12 10  5  3)( 6  8)( 7)
( 1  9 12  3  4 13  5  2 11 10)( 6  8)( 7)
( 1  2)( 3  4)( 5  9)( 6  8)( 7)(10 11)(12 13)
( 1 10)( 2 12)( 3  5)( 4 13)( 6  8)( 7)( 9 11)
( 1  3  5 10 12 13 11  9  4  2)( 6  8)( 7)
( 1 13)( 2 12)( 3 11)( 4 10)( 5  9)( 6  8)( 7)
( 1  9)( 2  4)( 3 11)( 5 13)( 6  8)( 7)(10 12)
( 1 13)( 2 11)( 3 12)( 4  9)( 5 10)( 6  8)( 7)
( 1 10 11  2  5 13  4  3 12  9)( 6  8)( 7)
( 1  5)( 2 12)( 3  6)( 4 10)( 7)( 8 11)( 9 13)
( 1)( 2  4)( 3  6)( 5)( 7)( 8 11)( 9)(10 12)(13)
( 1  2  9 13 12  5)( 3  4  8 11 10  6)( 7)
( 1)( 2  6  3  4  5)( 7)( 8 11 10  9 12)(13)
( 1  8 11  5  2 13  6  3  9 12)( 4 10)( 7)
( 1  2  4)( 3  9  6)( 5  8 11)( 7)(10 13 12)
( 1 10  6  3 12)( 2 13  4  8 11)( 5)( 7)( 9)
( 1  5 10 13  9  4)( 2  6  3 12  8 11)( 7)
( 1 10  9  6  3 13  4  5  8 11)( 2 12)( 7)
( 1  8 11)( 2  9  4)( 3 13  6)( 5 10 12)( 7)
( 1 12  3  6 10)( 2 11  8  4 13)( 5)( 7)( 9)
( 1  5 12 13  9  2)( 3  6 10 11  8  4)( 7)
( 1  3)( 2)( 4  8)( 5)( 6 10)( 7)( 9)(11 13)(12)
( 1  5  3)( 2  6 10)( 4 12  8)( 7)( 9 11 13)
( 1  8  4 13  6 10)( 2  9 11 12  5  3)( 7)
( 1  3  2)( 4  5  8)( 6 10  9)( 7)(11 12 13)
( 1 13)( 2 11  5  8  4 12  3  9  6 10)( 7)
( 1  8  4  3  9)( 2)( 5 13  6 10 11)( 7)(12)
( 1 13)( 2  9)( 3 11)( 4  8)( 5 12)( 6 10)( 7)
( 1 12  8  4  5 13  2  6 10  9)( 3 11)( 7)
( 1  2  9 11  6)( 3  8 13 12  5)( 4)( 7)(10)
( 1  3  8 13 11  6)( 2 10  9 12  4  5)( 7)
( 1  5  3 10  8 13  9 11  4  6)( 2 12)( 7)
( 1  3 10 12  6)( 2  8 13 11  4)( 5)( 7)( 9)
( 1  4  6)( 2 11  5)( 3  9 12)( 7)( 8 13 10)
( 1  2  8 13 12  6)( 3  9 10 11  5  4)( 7)
( 1  6)( 2 12)( 3 11)( 4  5)( 7)( 8 13)( 9 10)
( 1  4  2  9  8 13 10 12  5  6)( 3 11)( 7)
( 1  6)( 2 11)( 3 12)( 4)( 5)( 7)( 8 13)( 9)(10)
( 1  5  6)( 2 10 11)( 3 12  4)( 7)( 8 13  9)
( 1  4  9 13 10  5)( 2 11  8 12  3  6)( 7)
( 1)( 2  5  4  3  6)( 7)( 8 12  9 10 11)(13)
( 1  8 12)( 2 13  6)( 3 10  5)( 4  9 11)( 7)
( 1  3 10 13 11  4)( 2  5  8 12  9  6)( 7)
( 1  3  5)( 2 10  6)( 4  8 12)( 7)( 9 13 11)
( 1)( 2  6)( 3  5)( 4)( 7)( 8 12)( 9 11)(10)(13)
( 1  9 10  6  2 13  5  4  8 12)( 3 11)( 7)
( 1  4)( 2  6)( 3 11)( 5  9)( 7)( 8 12)(10 13)
( 1  9  6  2 11)( 3 13  5  8 12)( 4)( 7)(10)
( 1  8 12  4  3 13  6  2 10 11)( 5  9)( 7)
( 1  9 12)( 2 13  5)( 3  8 10)( 4 11  6)( 7)
( 1  2  3  8 10 13 12 11  6  4)( 5  9)( 7)
( 1)( 2  5)( 3)( 4  6)( 7)( 8 10)( 9 12)(11)(13)
( 1  2  8 10  5)( 3)( 4  9 13 12  6)( 7)(11)
( 1  6  4 11  9 13  8 10  3  5)( 2 12)( 7)
( 1)( 2  3  5  6  4)( 7)( 8 10 12 11  9)(13)
( 1 11  2 13  3 12)( 4  9  8 10  5  6)( 7)
( 1  6  4)( 2  5 11)( 3 12  9)( 7)( 8 10 13)
( 1 11)( 2 12)( 3 13)( 4  6)( 5  9)( 7)( 8 10)
( 1  9  3 13  5 11)( 2  8 10 12  6  4)( 7)
( 1 10  2 13  4 12)( 3  8  9 11  6  5)( 7)
( 1  3  8  9  4)( 2)( 5 10 13 11  6)( 7)(12)
( 1)( 2  4  6  5  3)( 7)( 8  9 11 12 10)(13)
( 1  3  2  8  9 13 11 12  6  5)( 4 10)( 7)
( 1  6  5)( 2 11 10)( 3  4 12)( 7)( 8  9 13)
( 1)( 2)( 3  4)( 5  6)( 7)( 8  9)(10 11)(12)(13)
( 1 12)( 2 13)( 3 11)( 4 10)( 5  6)( 7)( 8  9)
( 1  6  5 12 10 13  8  9  2  4)( 3 11)( 7)
( 1 12  3 13  2 11)( 4  6  5 10  8  9)( 7)
( 1 10 11)( 2  8  9)( 3 13  4)( 5 12  6)( 7)
( 1 11  8  5  4 13  3  6  9 10)( 2 12)( 7)
( 1  4  2)( 3  6  9)( 5 11  8)( 7)(10 12 13)
( 1  2)( 3)( 4)( 5  8)( 6  9)( 7)(10)(11)(12 13)
( 1  8  5  2 10)( 3)( 4 13  6  9 12)( 7)(11)
( 1 13)( 2 12)( 3 10)( 4 11)( 5  8)( 6  9)( 7)
( 1  8  5 13  6  9)( 2  3 10 12 11  4)( 7)
( 1  2  3)( 4  8  5)( 6  9 10)( 7)(11 13 12)
( 1  4 11 13 10  3)( 2  6  9 12  8  5)( 7)
( 1 13)( 2 10  6  9  3 12  4  8  5 11)( 7)
( 1 11  2  6  9)( 3 12  8  5 13)( 4)( 7)(10)
( 1  9)( 2)( 3  8)( 4)( 5 13)( 6 11)( 7)(10)(12)
( 1 13)( 2 10)( 3  8)( 4 12)( 5  9)( 6 11)( 7)
( 1 12  9)( 2  5 13)( 3 10  8)( 4  6 11)( 7)
( 1 13)( 2  8  3 10  5 12  6 11  4  9)( 7)
( 1  6 11 13  8  3)( 2  5  4 12  9 10)( 7)
( 1  4  9  8  3)( 2)( 5  6 11 13 10)( 7)(12)
( 1  4  6 11 12 13 10  8  3  2)( 5  9)( 7)
( 1  9 10)( 2  8  3)( 4 13  5)( 6 11 12)( 7)
( 1  6 11  9  2)( 3  5 12 13  8)( 4)( 7)(10)
( 1 12  4 13  2 10)( 3  5  6 11  9  8)( 7)
( 1 13)( 2  9  4 11  6 12  5 10  3  8)( 7)
( 1 10  9)( 2  3  8)( 4  5 13)( 6 12 11)( 7)
( 1  5 10  8  2)( 3)( 4  6 12 13  9)( 7)(11)
( 1 10)( 2  8)( 3)( 4 13)( 5)( 6 12)( 7)( 9)(11)
( 1  6 12 10  3)( 2  4 11 13  8)( 5)( 7)( 9)
( 1  5  6 12 11 13  9  8  2  3)( 4 10)( 7)
( 1 11 10)( 2  9  8)( 3  4 13)( 5  6 12)( 7)
( 1  6 12 13  8  2)( 3  4  5 11 10  9)( 7)
( 1 11  5 13  3  9)( 2  4  6 12 10  8)( 7)
( 1 13)( 2  8)( 3  9)( 4 10)( 5 11)( 6 12)( 7)
( 1 12  9  3  6 13  2  5 11  8)( 4 10)( 7)
( 1 11  8)( 2  4  9)( 3  6 13)( 5 12 10)( 7)
( 1 10  2  5  8)( 3)( 4 12  9  6 13)( 7)(11)
( 1  8)( 2)( 3)( 4  9)( 5 10)( 6 13)( 7)(11)(12)
( 1  9  6 13  5  8)( 2  4 11 12 10  3)( 7)
( 1  8)( 2  3)( 4 10)( 5  9)( 6 13)( 7)(11 12)
( 1  9  3  4  8)( 2)( 5 11 10  6 13)( 7)(12)
( 1 11 10  2  6 13  3  4 12  8)( 5  9)( 7)
( 1 10  6 13  4  8)( 2  3  5 12 11  9)( 7)
( 1 12  8)( 2  6 13)( 3  5 10)( 4 11  9)( 7)
Icosahedron
C...+....1....+....2....+....3....+....4....+....5....+....6....+....7..
 0.001   N=  14
( 1)( 2)( 3)( 4)( 5)( 6)( 7)( 8)( 9)(10)(11)(12)(13)(14)
( 1  2)( 3  4)( 5)( 6  7)( 8)( 9)(10 11)(12 13)(14)
( 1  3)( 2  4)( 5  8)( 6)( 7)( 9)(10 12)(11 13)(14)
( 1  4)( 2  3)( 5  8)( 6  7)( 9)(10 13)(11 12)(14)
( 1)( 2  3)( 4)( 5  6)( 7  8)( 9)(10)(11 12)(13)(14)
( 1  3  4  2)( 5  6  8  7)( 9)(10 12 13 11)(14)
( 1  2  4  3)( 5  7  8  6)( 9)(10 11 13 12)(14)
( 1  4)( 2)( 3)( 5  7)( 6  8)( 9)(10 13)(11)(12)(14)
dihedral O 8
C...+....1....+....2....+....3....+....4....+....5....+....6....+....7..
 0.001   N=  15
( 1)( 2)( 3)( 4)( 5)( 6)( 7)( 8)( 9)(10)(11)(12)(13)(14)(15)
( 1  7)( 2)( 3  8)( 4 14)( 5)( 6 12)( 9)(10)(11 15)(13)
( 1  6)( 2 13)( 3 11)( 4)( 5)( 7 12)( 8 15)( 9)(10)(14)
( 1 12)( 2 13)( 3 15)( 4 14)( 5)( 6  7)( 8 11)( 9)(10)
( 1  3)( 2  4)( 5 10)( 6  8)( 7 11)( 9)(12 15)(13 14)
( 1 11 12  8)( 2  4 13 14)( 3  6 15  7)( 5 10)( 9)
( 1  8 12 11)( 2 14 13  4)( 3  7 15  6)( 5 10)( 9)
( 1 15)( 2 14)( 3 12)( 4 13)( 5 10)( 6 11)( 7  8)( 9)
dihedral O 8
C...+....1....+....2....+....3....+....4....+....5....+....6....+....7..
N=  16
C...+....1....+....2....+....3....+....4....+....5....+....6....+....7..
 0.001   N=  17
( 1)( 2)( 3)( 4)( 5)( 6)( 7)( 8)( 9)(10)(11)(12)(13)(14)(15)(16)(17)
( 1  8)( 2)( 3  7)( 4 13)( 5)( 6 12)( 9)(10 14)(11 17)(15)(16)
( 1 11)( 2 16)( 3 10)( 4)( 5 15)( 6)( 7 14)( 8 17)( 9)(12)(13)
( 1 17)( 2 16)( 3 14)( 4 13)( 5 15)( 6 12)( 7 10)( 8 11)( 9)
( 1  2)( 3  5)( 4  8)( 6  7)( 9)(10 12)(11 13)(14 15)(16 17)
( 1  4 11 16 17 13  8  2)( 3  6 10 15 14 12  7  5)( 9)
( 1)( 2  4)( 3)( 5  6)( 7 10)( 8 11)( 9)(12 15)(13 16)(14)(17)
( 1 11 17  8)( 2  4 16 13)( 3 10 14  7)( 5  6 15 12)( 9)
( 1  2  8 13 17 16 11  4)( 3  5  7 12 14 15 10  6)( 9)
( 1 13)( 2  8)( 3 12)( 4 17)( 5  7)( 6 14)( 9)(10 15)(11 16)
( 1  4)( 2 11)( 3  6)( 5 10)( 7 15)( 8 16)( 9)(12 14)(13 17)
( 1 16  8  4 17  2 11 13)( 3 15  7  6 14  5 10 12)( 9)
( 1  8 17 11)( 2 13 16  4)( 3  7 14 10)( 5 12 15  6)( 9)
( 1 17)( 2 13)( 3 14)( 4 16)( 5 12)( 6 15)( 7)( 8)( 9)(10)(11)
( 1 13 11  2 17  4  8 16)( 3 12 10  5 14  6  7 15)( 9)
( 1 16)( 2 17)( 3 15)( 4 11)( 5 14)( 6 10)( 7 12)( 8 13)( 9)
dihedral O 16
C...+....1....+....2....+....3....+....4....+....5....+....6....+....7..
 0.001   N=  18
( 1)( 2)( 3)( 4)( 5)( 6)( 7)( 8)( 9)(10)(11)(12)(13)(14)(15)(16)(17)(18)
( 1  2)( 3)( 4)( 5  7)( 6  8)( 9)(10)(11)(12 13)(14 15)(16 17)(18)
( 1)( 2)( 3  4)( 5  6)( 7  8)( 9)(10 11)(12)(13)(14 16)(15 17)(18)
( 1  2)( 3  4)( 5  8)( 6  7)( 9)(10 11)(12 13)(14 17)(15 16)(18)
dihedral O 4
C...+....1....+....2....+....3....+....4....+....5....+....6....+....7..
 0.001   N=  19
( 1)( 2)( 3)( 4)( 5)( 6)( 7)( 8)( 9)(10)(11)(12)(13)(14)(15)(16)(17)(18)(19)
( 1 19)( 2 15)( 3 16)( 4 17)( 5  8)( 6 18)( 7 12)( 9)(10 13)(11 14)
cyclic O 2
C...+....1....+....2....+....3....+....4....+....5....+....6....+....7..
 0.001   N=  20
( 1)( 2)( 3)( 4)( 5)( 6)( 7)( 8)( 9)(10)(11)(12)(13)(14)(15)(16)(17)(18)(19)(20)
( 1  5)( 2  9)( 3)( 4 11)( 6 16)( 7)( 8 15)(10)(12 18)(13)(14 20)(17)(19)
mirror O 2
C...+....1....+....2....+....3....+....4....+....5....+....6....+....7..
 0.001   N=  21
( 1)( 2)( 3)( 4)( 5)( 6)( 7)( 8)( 9)(10)(11)(12)(13)(14)(15)(16)(17)(18)(19)(20)(21)
( 1 12)( 2 13)( 3 19)( 4)( 5 15)( 6)( 7)( 8 16)( 9 21)(10 20)(11)(14)(17)(18)
( 1)( 2  6)( 3  5)( 4)( 7 12)( 8 15)( 9 14)(10)(11)(13)(16 19)(17 20)(18)(21)
( 1  7 12)( 2 13  6)( 3 16 15)( 4)( 5  8 19)( 9 21 14)(10 17 20)(11)(18)
( 1  7)( 2)( 3  8)( 4)( 5 16)( 6 13)( 9)(10 17)(11)(12)(14 21)(15 19)(18)(20)
( 1 12  7)( 2  6 13)( 3 15 16)( 4)( 5 19  8)( 9 14 21)(10 20 17)(11)(18)
( 1 10)( 2  9)( 3)( 4 18)( 5)( 6 14)( 7 17)( 8)(11)(12 20)(13 21)(15)(16)(19)
( 1 20)( 2 21)( 3 19)( 4 18)( 5 15)( 6 14)( 7 17)( 8 16)( 9 13)(10 12)(11)
( 1 10)( 2 14)( 3  5)( 4 18)( 6  9)( 7 20)( 8 15)(11)(12 17)(13 21)(16 19)
( 1 17 12 10  7 20)( 2 21  6  9 13 14)( 3 16 15)( 4 18)( 5  8 19)(11)
( 1 17)( 2  9)( 3  8)( 4 18)( 5 16)( 6 21)( 7 10)(11)(12 20)(13 14)(15 19)
( 1 20  7 10 12 17)( 2 14 13  9  6 21)( 3 15 16)( 4 18)( 5 19  8)(11)
dihedral O 12
C...+....1....+....2....+....3....+....4....+....5....+....6....+....7..
N=  22
C...+....1....+....2....+....3....+....4....+....5....+....6....+....7..
N=  23
C...+....1....+....2....+....3....+....4....+....5....+....6....+....7..
N=  24
C...+....1....+....2....+....3....+....4....+....5....+....6....+....7..
 0.001   N=  25
( 1)( 2)( 3)( 4)( 5)( 6)( 7)( 8)( 9)(10)(11)(12)(13)(14)(15)(16)(17)(18)(19)(20)(21)(22)(23)(24)(25)
( 1 25)( 2 23)( 3 21)( 4 24)( 5 19)( 6 20)( 7 16)( 8 22)( 9 15)(10 14)(11 17)(12)(13 18)
( 1  9 23 17)( 2 16 19  6)( 3  7 15 10)( 4 14 25 18)( 5 21 24  8)(11 20 22 13)(12)
( 1 15 14)( 2  7  9)( 3 16  5)( 4 10 21)( 6 23 11)( 8 19 20)(12)(13 17 25)(18 24 22)
( 1  2  5  4)( 3  9 11  8)( 6  7 14 13)(10 16 20 18)(12)(15 21 22 17)(19 23 25 24)
( 1  3  6)( 2 10  8)( 4  7 17)( 5 15 18)( 9 19 13)(11 16 24)(12)(14 23 22)(20 21 25)
( 1  4  5  2)( 3  8 11  9)( 6 13 14  7)(10 18 20 16)(12)(15 17 22 21)(19 24 25 23)
( 1  5)( 2  4)( 3 11)( 6 14)( 7 13)( 8  9)(10 20)(12)(15 22)(16 18)(17 21)(19 25)(23 24)
( 1  6  3)( 2  8 10)( 4 17  7)( 5 18 15)( 9 13 19)(11 24 16)(12)(14 22 23)(20 25 21)
( 1  7)( 2  3)( 4 15)( 5 10)( 6  9)( 8 16)(11 19)(12)(13 23)(14 17)(18 21)(20 24)(22 25)
( 1  8)( 2 18)( 3 13)( 4  6)( 5 17)( 7 22)( 9 24)(10 11)(12)(14 19)(15 20)(16 25)(21 23)
( 1 10 24 13)( 2 15 25 11)( 3 19 22  4)( 5  7 23 20)( 6 17 18  8)( 9 16 21 14)(12)
( 1 11 18)( 2 20 17)( 3 14 24)( 4 13  8)( 5 22  6)( 7 21 19)( 9 25 10)(12)(15 16 23)
( 1 13 24 10)( 2 11 25 15)( 3  4 22 19)( 5 20 23  7)( 6  8 18 17)( 9 14 21 16)(12)
( 1 14 15)( 2  9  7)( 3  5 16)( 4 21 10)( 6 11 23)( 8 20 19)(12)(13 25 17)(18 22 24)
( 1 16 22)( 2 21 13)( 3 23 18)( 4  9 20)( 5 14 11)( 6 15 24)( 7 25  8)(10 19 17)(12)
( 1 17 23  9)( 2  6 19 16)( 3 10 15  7)( 4 18 25 14)( 5  8 24 21)(11 13 22 20)(12)
( 1 18 11)( 2 17 20)( 3 24 14)( 4  8 13)( 5  6 22)( 7 19 21)( 9 10 25)(12)(15 23 16)
( 1 19)( 2 24)( 3 17)( 4 23)( 5 25)( 6 10)( 7 18)( 8 15)( 9 22)(11 21)(12)(13 16)(14 20)
( 1 20)( 2 22)( 3 25)( 4 11)( 5 13)( 6 21)( 7 24)( 8 14)( 9 18)(10 23)(12)(15 19)(16 17)
( 1 21)( 2 14)( 3 20)( 4 16)( 5  9)( 6 25)( 7 11)( 8 23)(10 22)(12)(13 15)(17 24)(18 19)
( 1 22 16)( 2 13 21)( 3 18 23)( 4 20  9)( 5 11 14)( 6 24 15)( 7  8 25)(10 17 19)(12)
( 1 23)( 2 19)( 3 15)( 4 25)( 5 24)( 6 16)( 7 10)( 8 21)( 9 17)(11 22)(12)(13 20)(14 18)
( 1 24)( 2 25)( 3 22)( 4 19)( 5 23)( 6 18)( 7 20)( 8 17)( 9 21)(10 13)(11 15)(12)(14 16)
Tetrahedron O 24
C...+....1....+....2....+....3....+....4....+....5....+....6....+....7..
 0.001   N=  26
( 1)( 2)( 3)( 4)( 5)( 6)( 7)( 8)( 9)(10)(11)(12)(13)(14)(15)(16)(17)(18)(19)(20)(21)(22)(23)(24)(25)(26)
( 1 16)( 2 10)( 3  6)( 4 20)( 5 12)( 7 14)( 8 22)( 9 17)(11 26)(13 23)(15 19)(18 24)(21 25)
( 1  8 11  4)( 2  5 18 13)( 3 15 21  7)( 6 14 25 19)( 9)(10 23 24 12)(16 20 26 22)(17)
( 1 11)( 2 18)( 3 21)( 4  8)( 5 13)( 6 25)( 7 15)( 9)(10 24)(12 23)(14 19)(16 26)(17)(20 22)
( 1  4 11  8)( 2 13 18  5)( 3  7 21 15)( 6 19 25 14)( 9)(10 12 24 23)(16 22 26 20)(17)
( 1 22)( 2 12)( 3 19)( 4 16)( 5 24)( 6  7)( 8 26)( 9 17)(10 13)(11 20)(14 21)(15 25)(18 23)
( 1 26)( 2 24)( 3 25)( 4 22)( 5 23)( 6 21)( 7 19)( 8 20)( 9 17)(10 18)(11 16)(12 13)(14 15)
( 1 20)( 2 23)( 3 14)( 4 26)( 5 10)( 6 15)( 7 25)( 8 16)( 9 17)(11 22)(12 18)(13 24)(19 21)
dihedral O 8
C...+....1....+....2....+....3....+....4....+....5....+....6....+....7..
N=  27
C...+....1....+....2....+....3....+....4....+....5....+....6....+....7..
N=  28
C...+....1....+....2....+....3....+....4....+....5....+....6....+....7..
N=  29
C...+....1....+....2....+....3....+....4....+....5....+....6....+....7..
 0.008   N=  30
( 1)( 2)( 3)( 4)( 5)( 6)( 7)( 8)( 9)(10)(11)(12)(13)(14)(15)(16)(17)(18)(19)(20)(21)(22)(23)(24)(25)(26)(27)(28)(29)(30)
( 1 25)( 2 15)( 3 22)( 4 29)( 5 20)( 6 28)( 7  8)( 9 23)(10 14)(11 30)(12)(13 21)(16 27)(17 18)(19 26)(24)
cyclic O 2
C...+....1....+....2....+....3....+....4....+....5....+....6....+....7..
N=  31
C...+....1....+....2....+....3....+....4....+....5....+....6....+....7..
 0.001   N=  32
( 1)( 2)( 3)( 4)( 5)( 6)( 7)( 8)( 9)(10)(11)(12)(13)(14)(15)(16)(17)(18)(19)(20)(21)(22)(23)(24)(25)(26)(27)(28)(29)(30)(31)(32)
( 1  3)( 2)( 4  7)( 5)( 6  8)( 9 12)(10)(11)(13 14)(15 19)(16 18)(17 20)(21)(22 23)(24)(25 27)(26 28)(29 30)(31)(32)
( 1  5  3)( 2  6  8)( 4 13 12)( 7  9 14)(10)(11 17 20)(15 25 23)(16 21 18)(19 22 27)(24 29 30)(26 31 28)(32)
( 1)( 2  6)( 3  5)( 4  9)( 7 13)( 8)(10)(11 17)(12 14)(15 22)(16)(18 21)(19 25)(20)(23 27)(24 29)(26)(28 31)(30)(32)
( 1  5)( 2  8)( 3)( 4 14)( 6)( 7 12)( 9 13)(10)(11 20)(15 27)(16 21)(17)(18)(19 23)(22 25)(24 30)(26 31)(28)(29)(32)
( 1  3  5)( 2  8  6)( 4 12 13)( 7 14  9)(10)(11 20 17)(15 23 25)(16 18 21)(19 27 22)(24 30 29)(26 28 31)(32)
dihedral O 6
C...+....1....+....2....+....3....+....4....+....5....+....6....+....7..
N=  33
C...+....1....+....2....+....3....+....4....+....5....+....6....+....7..
 0.001   N=  34
( 1)( 2)( 3)( 4)( 5)( 6)( 7)( 8)( 9)(10)(11)(12)(13)(14)(15)(16)(17)(18)(19)(20)(21)(22)(23)(24)(25)(26)(27)(28)(29)(30)(31)(32)(33)(34)
( 1 17 13)( 2 12 25)( 3 26 24)( 4  6 14)( 5 28  9)( 7 15 32)( 8 33 19)(10 27 30)(11 20 16)(18 21 34)(22 31 29)(23)
( 1 13 17)( 2 25 12)( 3 24 26)( 4 14  6)( 5  9 28)( 7 32 15)( 8 19 33)(10 30 27)(11 16 20)(18 34 21)(22 29 31)(23)
cyclic O 3
C...+....1....+....2....+....3....+....4....+....5....+....6....+....7..
N=  35
C...+....1....+....2....+....3....+....4....+....5....+....6....+....7..
N=  36
C...+....1....+....2....+....3....+....4....+....5....+....6....+....7..
 0.001   N=  37
( 1)( 2)( 3)( 4)( 5)( 6)( 7)( 8)( 9)(10)(11)(12)(13)(14)(15)(16)(17)(18)(19)(20)(21)(22)(23)(24)(25)(26)(27)(28)(29)(30)(31)(32)(33)(34)(35)(36)(37)
( 1 34)( 2 37)( 3 30)( 4 31)( 5 32)( 6 23)( 7 36)( 8 24)( 9 35)(10 27)(11 16)(12 19)(13 28)(14 33)(15 29)(17 20)(18 22)(21)(25 26)
cyclic O 2
C...+....1....+....2....+....3....+....4....+....5....+....6....+....7..
 0.001   N=  38
( 1)( 2)( 3)( 4)( 5)( 6)( 7)( 8)( 9)(10)(11)(12)(13)(14)(15)(16)(17)(18)(19)(20)(21)(22)(23)(24)(25)(26)(27)(28)(29)(30)(31)(32)(33)(34)(35)(36)(37)(38)
( 1 34)( 2 38)( 3 36)( 4 31)( 5 29)( 6 37)( 7 21)( 8 20)( 9 35)(10 33)(11 28)(12 27)(13 26)(14 25)(15 16)(17 32)(18)(19 30)(22 24)(23)
( 1 16 24  6)( 2  7 28 19)( 3  5 14 10)( 4 20 35 17)( 8 31 32  9)(11 21 38 30)(12 18 27 23)(13)(15 34 37 22)(25 29 36 33)(26)
( 1  6 24 16)( 2 19 28  7)( 3 10 14  5)( 4 17 35 20)( 8  9 32 31)(11 30 38 21)(12 23 27 18)(13)(15 22 37 34)(25 33 36 29)(26)
( 1 24)( 2 28)( 3 14)( 4 35)( 5 10)( 6 16)( 7 19)( 8 32)( 9 31)(11 38)(12 27)(13)(15 37)(17 20)(18 23)(21 30)(22 34)(25 36)(26)(29 33)
( 1 22)( 2 11)( 3 25)( 4  9)( 5 33)( 6 15)( 7 30)( 8 17)(10 29)(12)(13 26)(14 36)(16 37)(18 23)(19 21)(20 32)(24 34)(27)(28 38)(31 35)
( 1 15)( 2 21)( 3 29)( 4  8)( 5 25)( 6 34)( 7 11)( 9 20)(10 36)(12 18)(13 26)(14 33)(16 22)(17 31)(19 38)(23 27)(24 37)(28 30)(32 35)
( 1 37)( 2 30)( 3 33)( 4 32)( 5 36)( 6 22)( 7 38)( 8 35)( 9 17)(10 25)(11 19)(12 23)(13 26)(14 29)(15 24)(16 34)(18 27)(20 31)(21 28)
dihedral O 8
C...+....1....+....2....+....3....+....4....+....5....+....6....+....7..
N=  39
C...+....1....+....2....+....3....+....4....+....5....+....6....+....7..
N=  40
C...+....1....+....2....+....3....+....4....+....5....+....6....+....7..
N=  41
C...+....1....+....2....+....3....+....4....+....5....+....6....+....7..
N=  42
C...+....1....+....2....+....3....+....4....+....5....+....6....+....7..
N=  43
C...+....1....+....2....+....3....+....4....+....5....+....6....+....7..
N=  44
C...+....1....+....2....+....3....+....4....+....5....+....6....+....7..
N=  45
C...+....1....+....2....+....3....+....4....+....5....+....6....+....7..
 0.001   N=  46
( 1)( 2)( 3)( 4)( 5)( 6)( 7)( 8)( 9)(10)(11)(12)(13)(14)(15)(16)(17)(18)(19)(20)(21)(22)(23)(24)(25)(26)(27)(28)(29)(30)(31)(32)(33)(34)(35)(36)(37)(38)(39)(40)(41)(42)(43)(44)(45)(46)
( 1 42)( 2 35)( 3 46)( 4 45)( 5 32)( 6 38)( 7 40)( 8 21)( 9 28)(10 43)(11 44)(12 30)(13 24)(14 16)(15 36)(17 41)(18 34)(19 29)(20 22)(23 33)(25 39)(26 31)(27 37)
cyclic O 2
C...+....1....+....2....+....3....+....4....+....5....+....6....+....7..
N=  47
C...+....1....+....2....+....3....+....4....+....5....+....6....+....7..
N=  48
C...+....1....+....2....+....3....+....4....+....5....+....6....+....7..
N=  49
C...+....1....+....2....+....3....+....4....+....5....+....6....+....7..
N=  50
C...+....1....+....2....+....3....+....4....+....5....+....6....+....7..
N=  51
C...+....1....+....2....+....3....+....4....+....5....+....6....+....7..
N=  52
C...+....1....+....2....+....3....+....4....+....5....+....6....+....7..
N=  53
C...+....1....+....2....+....3....+....4....+....5....+....6....+....7..
N=  54
C...+....1....+....2....+....3....+....4....+....5....+....6....+....7..
N=  55
C...+....1....+....2....+....3....+....4....+....5....+....6....+....7..
N=  56
C...+....1....+....2....+....3....+....4....+....5....+....6....+....7..
N=  57
C...+....1....+....2....+....3....+....4....+....5....+....6....+....7..
 0.001   N=  58
( 1)( 2)( 3)( 4)( 5)( 6)( 7)( 8)( 9)(10)(11)(12)(13)(14)(15)(16)(17)(18)(19)(20)(21)(22)(23)(24)(25)(26)(27)(28)(29)(30)(31)(32)(33)(34)(35)(36)(37)(38)(39)(40)(41)(42)(43)(44)(45)(46)(47)(48)(49)(50)(51)(52)(53)(54)(55)(56)(57)(58)
( 1 25 37)( 2 44 28)( 3 38 48)( 4 29 18)( 5 20 50)( 6 53 39)( 7 10 41)( 8 52 15)( 9 12 22)(11 46 54)(13 23 33)(14 43 27)(16 32 45)(17 21 58)(19 56 34)(24 36 57)(26 51 49)(30)(31 47 35)(40 42 55)
( 1 37 25)( 2 28 44)( 3 48 38)( 4 18 29)( 5 50 20)( 6 39 53)( 7 41 10)( 8 15 52)( 9 22 12)(11 54 46)(13 33 23)(14 27 43)(16 45 32)(17 58 21)(19 34 56)(24 57 36)(26 49 51)(30)(31 35 47)(40 55 42)
cyclic O 3
C...+....1....+....2....+....3....+....4....+....5....+....6....+....7..
N=  59
C...+....1....+....2....+....3....+....4....+....5....+....6....+....7..
 0.001   N=  60
( 1)( 2)( 3)( 4)( 5)( 6)( 7)( 8)( 9)(10)(11)(12)(13)(14)(15)(16)(17)(18)(19)(20)(21)(22)(23)(24)(25)(26)(27)(28)(29)(30)(31)(32)(33)(34)(35)(36)(37)(38)(39)(40)(41)(42)(43)(44)(45)(46)(47)(48)(49)(50)(51)(52)(53)(54)(55)(56)(57)(58)(59)(60)
( 1 54)( 2 57)( 3 48)( 4 59)( 5 41)( 6 60)( 7 50)( 8 49)( 9 30)(10 55)(11 34)(12 58)(13 38)(14 31)(15 43)(16 52)(17 23)(18 45)(19 42)(20 56)(21 32)(22 40)(24 44)(25 27)(26 51)(28 53)(29 47)(33 36)(35 37)(39 46)
( 1 18 23)( 2 21  9)( 3  8 11)( 4 37 30)( 5 10 31)( 6 40 17)( 7 26 41)(12 52 34)(13 15 25)(14 20 50)(16 47 48)(19 33 38)(22 39 54)(24 42 27)(28 59 32)(29 58 49)(35 53 57)(36 44 43)(45 46 60)(51 56 55)
( 1 23 18)( 2  9 21)( 3 11  8)( 4 30 37)( 5 31 10)( 6 17 40)( 7 41 26)(12 34 52)(13 25 15)(14 50 20)(16 48 47)(19 38 33)(22 54 39)(24 27 42)(28 32 59)(29 49 58)(35 57 53)(36 43 44)(45 60 46)(51 55 56)
( 1  6)( 2  4)( 3 12)( 5 20)( 7 10)( 8 16)( 9 28)(11 29)(13 24)(14 26)(15 19)(17 39)(18 22)(21 35)(23 46)(25 36)(27 33)(30 53)(31 51)(32 37)(34 47)(38 44)(40 45)(41 56)(42 43)(48 58)(49 52)(50 55)(54 60)(57 59)
( 1 22 17)( 2 35 30)( 3 16 34)( 4 32  9)( 5  7 14)( 6 45 23)( 8 29 48)(10 51 41)(11 12 49)(13 19 27)(15 36 38)(18 46 54)(20 55 31)(21 28 57)(24 43 25)(26 56 50)(33 44 42)(37 53 59)(39 60 40)(47 58 52)
( 1 46 40)( 2 28 37)( 3 29 52)( 4 53 21)( 5 51 50)( 6 39 18)( 7 56 31)( 8 12 47)( 9 35 59)(10 20 26)(11 16 58)(13 36 42)(14 55 41)(15 24 33)(17 45 54)(19 44 25)(22 60 23)(27 43 38)(30 32 57)(34 49 48)
( 1 17 22)( 2 30 35)( 3 34 16)( 4  9 32)( 5 14  7)( 6 23 45)( 8 48 29)(10 41 51)(11 49 12)(13 27 19)(15 38 36)(18 54 46)(20 31 55)(21 57 28)(24 25 43)(26 50 56)(33 42 44)(37 59 53)(39 40 60)(47 52 58)
( 1 39 45)( 2 53 32)( 3 47 49)( 4 28 35)( 5 26 55)( 6 46 22)( 7 20 51)( 8 58 34)( 9 37 57)(10 56 14)(11 52 48)(12 29 16)(13 33 43)(15 44 27)(17 18 60)(19 24 36)(21 59 30)(23 40 54)(25 42 38)(31 50 41)
( 1 45 39)( 2 32 53)( 3 49 47)( 4 35 28)( 5 55 26)( 6 22 46)( 7 51 20)( 8 34 58)( 9 57 37)(10 14 56)(11 48 52)(12 16 29)(13 43 33)(15 27 44)(17 60 18)(19 36 24)(21 30 59)(23 54 40)(25 38 42)(31 41 50)
( 1 40 46)( 2 37 28)( 3 52 29)( 4 21 53)( 5 50 51)( 6 18 39)( 7 31 56)( 8 47 12)( 9 59 35)(10 26 20)(11 58 16)(13 42 36)(14 41 55)(15 33 24)(17 54 45)(19 25 44)(22 23 60)(27 38 43)(30 57 32)(34 48 49)
( 1 60)( 2 59)( 3 58)( 4 57)( 5 56)( 6 54)( 7 55)( 8 52)( 9 53)(10 50)(11 47)(12 48)(13 44)(14 51)(15 42)(16 49)(17 46)(18 40)(19 43)(20 41)(21 37)(22 45)(23 39)(24 38)(25 33)(26 31)(27 36)(28 30)(29 34)(32 35)
A4 O 12
C...+....1....+....2....+....3....+....4....+....5....+....6....+....7..
 0.001   N=  61
( 1)( 2)( 3)( 4)( 5)( 6)( 7)( 8)( 9)(10)(11)(12)(13)(14)(15)(16)(17)(18)(19)(20)(21)(22)(23)(24)(25)(26)(27)(28)(29)(30)(31)(32)(33)(34)(35)(36)(37)(38)(39)(40)(41)(42)(43)(44)(45)(46)(47)(48)(49)(50)(51)(52)(53)(54)(55)(56)(57)(58)(59)(60)(61)
( 1 59)( 2 61)( 3 60)( 4 57)( 5 56)( 6 58)( 7 52)( 8 55)( 9 50)(10 54)(11 51)(12 53)(13 45)(14 46)(15 47)(16 43)(17 48)(18 38)(19 37)(20 49)(21 42)(22 40)(23 44)(24 41)(25 33)(26 36)(27)(28 29)(30 39)(31)(32 34)(35)
( 1 25 42 12)( 2 19 51 30)( 3  9 36 24)( 4 38 55 20)( 5 16 22 10)( 6  7 45 44)( 8 18 57 49)(11 37 61 39)(13 52 58 23)(14 29 34 17)(15 27 47 35)(21 33 59 53)(26 50 60 41)(28 46 48 32)(31)(40 43 56 54)
( 1  3  2)( 4  5  6)( 7 10  8)( 9 12 11)(13 16 20)(14 17 15)(18 22 23)(19 24 21)(25 30 26)(27 34 32)(28 29 35)(31)(33 36 39)(37 42 41)(38 44 40)(43 45 49)(46 47 48)(50 51 53)(52 55 54)(56 57 58)(59 61 60)
( 1  2  3)( 4  6  5)( 7  8 10)( 9 11 12)(13 20 16)(14 15 17)(18 23 22)(19 21 24)(25 26 30)(27 32 34)(28 35 29)(31)(33 39 36)(37 41 42)(38 40 44)(43 49 45)(46 48 47)(50 53 51)(52 54 55)(56 58 57)(59 60 61)
( 1 19 33 11)( 2  9 37 26)( 3 25 50 21)( 4  7 18 13)( 5 38 43  8)( 6 16 52 40)(10 45 56 23)(12 36 59 41)(14 27 28 15)(17 29 46 32)(20 22 57 54)(24 51 60 39)(30 42 61 53)(31)(34 47 48 35)(44 55 58 49)
( 1 21)( 2 11)( 3 26)( 4  8)( 5 40)( 6 13)( 7 23)( 9 41)(10 43)(12 33)(14 32)(15)(16 54)(17 28)(18 20)(19 39)(22 56)(24 50)(25 53)(27 35)(29 48)(30 37)(31)(34 46)(36 60)(38 49)(42 59)(44 52)(45 58)(47)(51 61)(55 57)
( 1 24 53 26)( 2 12 39 21)( 3 30 41 11)( 4 10 49 40)( 5 44 54 13)( 6 20 23  8)( 7 22 58 43)( 9 42 60 33)(14 34 48 28)(15 17 35 32)(16 55 56 18)(19 36 61 50)(25 51 59 37)(27 29 47 46)(31)(38 45 57 52)
( 1 26 53 24)( 2 21 39 12)( 3 11 41 30)( 4 40 49 10)( 5 13 54 44)( 6  8 23 20)( 7 43 58 22)( 9 33 60 42)(14 28 48 34)(15 32 35 17)(16 18 56 55)(19 50 61 36)(25 37 59 51)(27 46 47 29)(31)(38 52 57 45)
( 1 30)( 2 24)( 3 12)( 4 44)( 5 20)( 6 10)( 7 49)( 8 22)( 9 39)(11 42)(13 55)(14 35)(15 34)(16 23)(17)(18 58)(19 53)(21 36)(25 41)(26 51)(27 48)(28 47)(29 32)(31)(33 61)(37 60)(38 54)(40 45)(43 57)(46)(50 59)(52 56)
( 1  9)( 2 25)( 3 19)( 4 16)( 5  7)( 6 38)( 8 45)(10 18)(11 36)(12 37)(13 22)(14)(15 29)(17 27)(20 52)(21 51)(23 57)(24 33)(26 42)(28 34)(30 50)(31)(32 47)(35 46)(39 59)(40 55)(41 61)(43 44)(48)(49 56)(53 60)(54 58)
( 1 11 33 19)( 2 26 37  9)( 3 21 50 25)( 4 13 18  7)( 5  8 43 38)( 6 40 52 16)(10 23 56 45)(12 41 59 36)(14 15 28 27)(17 32 46 29)(20 54 57 22)(24 39 60 51)(30 53 61 42)(31)(34 35 48 47)(44 49 58 55)
( 1 12 42 25)( 2 30 51 19)( 3 24 36  9)( 4 20 55 38)( 5 10 22 16)( 6 44 45  7)( 8 49 57 18)(11 39 61 37)(13 23 58 52)(14 17 34 29)(15 35 47 27)(21 53 59 33)(26 41 60 50)(28 32 48 46)(31)(40 54 56 43)
( 1 50 39)( 2 33 41)( 3 37 53)( 4 43 23)( 5 52 49)( 6 18 54)( 7 56 20)( 8 13 40)( 9 59 30)(10 38 58)(11 26 21)(12 19 60)(14 46 35)(15 28 32)(16 57 44)(17 27 48)(22 45 55)(24 25 61)(29 47 34)(31)(36 51 42)
( 1 51 41)( 2 36 53)( 3 42 39)( 4 45 54)( 5 55 23)( 6 22 49)( 7 57 40)( 8 16 58)( 9 61 21)(10 44 20)(11 25 60)(12 24 30)(13 38 56)(14 47 32)(15 29 48)(17 34 35)(18 52 43)(19 59 26)(27 46 28)(31)(33 37 50)
( 1 33)( 2 37)( 3 50)( 4 18)( 5 43)( 6 52)( 7 13)( 8 38)( 9 26)(10 56)(11 19)(12 59)(14 28)(15 27)(16 40)(17 46)(20 57)(21 25)(22 54)(23 45)(24 60)(29 32)(30 61)(31)(34 48)(35 47)(36 41)(39 51)(42 53)(44 58)(49 55)
( 1 53)( 2 39)( 3 41)( 4 49)( 5 54)( 6 23)( 7 58)( 8 20)( 9 60)(10 40)(11 30)(12 21)(13 44)(14 48)(15 35)(16 56)(17 32)(18 55)(19 61)(22 43)(24 26)(25 59)(27 47)(28 34)(29 46)(31)(33 42)(36 50)(37 51)(38 57)(45 52)
( 1 39 50)( 2 41 33)( 3 53 37)( 4 23 43)( 5 49 52)( 6 54 18)( 7 20 56)( 8 40 13)( 9 30 59)(10 58 38)(11 21 26)(12 60 19)(14 35 46)(15 32 28)(16 44 57)(17 48 27)(22 55 45)(24 61 25)(29 34 47)(31)(36 42 51)
( 1 36 37)( 2 42 50)( 3 51 33)( 4 22 52)( 5 45 18)( 6 55 43)( 7 16 38)( 8 44 56)( 9 25 19)(10 57 13)(11 24 59)(12 61 26)(14 29 27)(15 34 46)(17 47 28)(20 58 40)(21 30 60)(23 49 54)(31)(32 35 48)(39 53 41)
( 1 37 36)( 2 50 42)( 3 33 51)( 4 52 22)( 5 18 45)( 6 43 55)( 7 38 16)( 8 56 44)( 9 19 25)(10 13 57)(11 59 24)(12 26 61)(14 27 29)(15 46 34)(17 28 47)(20 40 58)(21 60 30)(23 54 49)(31)(32 48 35)(39 41 53)
( 1 42)( 2 51)( 3 36)( 4 55)( 5 22)( 6 45)( 7 44)( 8 57)( 9 24)(10 16)(11 61)(12 25)(13 58)(14 34)(15 47)(17 29)(18 49)(19 30)(20 38)(21 59)(23 52)(26 60)(27 35)(28 48)(31)(32 46)(33 53)(37 39)(40 56)(41 50)(43 54)
( 1 41 51)( 2 53 36)( 3 39 42)( 4 54 45)( 5 23 55)( 6 49 22)( 7 40 57)( 8 58 16)( 9 21 61)(10 20 44)(11 60 25)(12 30 24)(13 56 38)(14 32 47)(15 48 29)(17 35 34)(18 43 52)(19 26 59)(27 28 46)(31)(33 50 37)
( 1 60)( 2 59)( 3 61)( 4 56)( 5 58)( 6 57)( 7 54)( 8 52)( 9 53)(10 55)(11 50)(12 51)(13 43)(14 48)(15 46)(16 49)(17 47)(18 40)(19 41)(20 45)(21 37)(22 44)(23 38)(24 42)(25 39)(26 33)(27 32)(28)(29 35)(30 36)(31)(34)
( 1 61)( 2 60)( 3 59)( 4 58)( 5 57)( 6 56)( 7 55)( 8 54)( 9 51)(10 52)(11 53)(12 50)(13 49)(14 47)(15 48)(16 45)(17 46)(18 44)(19 42)(20 43)(21 41)(22 38)(23 40)(24 37)(25 36)(26 39)(27 34)(28 35)(29)(30 33)(31)(32)
Tetrahedron O 24
C...+....1....+....2....+....3....+....4....+....5....+....6....+....7..
 0.001   N=  62
( 1)( 2)( 3)( 4)( 5)( 6)( 7)( 8)( 9)(10)(11)(12)(13)(14)(15)(16)(17)(18)(19)(20)(21)(22)(23)(24)(25)(26)(27)(28)(29)(30)(31)(32)(33)(34)(35)(36)(37)(38)(39)(40)(41)(42)(43)(44)(45)(46)(47)(48)(49)(50)(51)(52)(53)(54)(55)(56)(57)(58)(59)(60)(61)(62)
( 1  4  7  2)( 3  5 13 11)( 6 12 20  9)( 8 16 30 22)(10)(14 27 33 15)(17 21 23 19)(18 29 39 25)(24 31 37 35)(26 28 44 43)(32)(34 49 52 38)(36 42 53 47)(40 45 48 41)(46 50 57 55)(51 56 60 54)(58 59 62 61)
( 1  7)( 2  4)( 3 13)( 5 11)( 6 20)( 8 30)( 9 12)(10)(14 33)(15 27)(16 22)(17 23)(18 39)(19 21)(24 37)(25 29)(26 44)(28 43)(31 35)(32)(34 52)(36 53)(38 49)(40 48)(41 45)(42 47)(46 57)(50 55)(51 60)(54 56)(58 62)(59 61)
( 1  2  7  4)( 3 11 13  5)( 6  9 20 12)( 8 22 30 16)(10)(14 15 33 27)(17 19 23 21)(18 25 39 29)(24 35 37 31)(26 43 44 28)(32)(34 38 52 49)(36 47 53 42)(40 41 48 45)(46 55 57 50)(51 54 60 56)(58 61 62 59)
cyclic O 4
C...+....1....+....2....+....3....+....4....+....5....+....6....+....7..
 0.001   N=  63
( 1)( 2)( 3)( 4)( 5)( 6)( 7)( 8)( 9)(10)(11)(12)(13)(14)(15)(16)(17)(18)(19)(20)(21)(22)(23)(24)(25)(26)(27)(28)(29)(30)(31)(32)(33)(34)(35)(36)(37)(38)(39)(40)(41)(42)(43)(44)(45)(46)(47)(48)(49)(50)(51)(52)(53)(54)(55)(56)(57)(58)(59)(60)(61)(62)(63)
( 1 52)( 2 57)( 3 60)( 4 45)( 5 50)( 6 34)( 7 63)( 8 47)( 9 58)(10 56)(11 62)(12 31)(13 51)(14 38)(15 19)(16 37)(17 28)(18 30)(20 59)(21 61)(22 43)(23 55)(24 40)(25 36)(26 48)(27 49)(29 41)(32)(33 46)(35 54)(39 53)(42 44)
( 1 12)( 2 28)( 3 19)( 4 16)( 5  6)( 7 45)( 8 36)( 9 47)(10 15)(11 34)(13 30)(14)(17 29)(18 24)(20 57)(21 52)(22 43)(23 31)(25 48)(26 58)(27 38)(32)(33 51)(35 50)(37 44)(39 60)(40 46)(41 59)(42 63)(49)(53 56)(54 62)(55 61)
( 1  6 12  5)( 2 15 28 10)( 3  4 19 16)( 7 17 45 29)( 8 34 36 11)( 9 31 47 23)(13 18 30 24)(14)(20 37 57 44)(21 25 52 48)(22 38 43 27)(26 50 58 35)(32)(33 40 51 46)(39 41 60 59)(42 56 63 53)(49)(54 55 62 61)
( 1 23)( 2 29)( 3 10)( 4 44)( 5 11)( 6 35)( 7 16)( 8 48)( 9 36)(12 21)(13 24)(14 27)(15 53)(17 59)(18 46)(19 39)(20 28)(22 43)(25 58)(26 47)(30 33)(31 61)(32)(34 54)(37 63)(38 49)(40 51)(41 57)(42 45)(50 62)(52 55)(56 60)
( 1  9 11)( 2  7  3)( 4 20 10)( 5  8 21)( 6 26 23)(12 25 35)(13)(14 22 27)(15 42 29)(16 17 39)(18 33 24)(19 41 44)(28 37 53)(30 40 46)(31 54 36)(32)(34 55 48)(38 49 43)(45 56 59)(47 50 61)(51)(52 62 58)(57 60 63)
( 1 26 61 36)( 2 42 59 16)( 3 20 53 29)( 4 41 63 28)( 5  9 54 48)( 6 25 62 47)( 7 39 44 10)( 8 55 58 12)(11 21 35 23)(13 33 46 24)(14 22 49 43)(15 37 60 45)(17 56 57 19)(18 40 51 30)(27)(31 50 52 34)(32)(38)
( 1 47 35)( 2 45 53)( 3 28 44)( 4 57 39)( 5 36 23)( 6 58 21)( 7 19 59)( 8 52 54)( 9 34 61)(10 16 29)(11 12 48)(13 30 46)(14 43 27)(15 63 20)(17 60 42)(18 51 33)(22 38 49)(24)(25 50 55)(26 31 62)(32)(37 56 41)(40)
( 1 50 48)( 2 56 44)( 3 37 59)( 4 60 29)( 5 31 58)( 6 52 36)( 7 41 53)( 8 62 23)( 9 55 35)(10 17 63)(11 25 61)(12 34 47)(13 40 46)(14 38 43)(15 57 16)(18 51 24)(19 45 28)(20 42 39)(21 26 54)(22 49 27)(30)(32)(33)
( 1 31 55 21)( 2 17 41 20)( 3 15 56 39)( 4 37 42  7)( 5 34 62 35)( 6 50 54 11)( 8 25 26  9)(10 19 60 53)(12 52 61 23)(13 18 40 33)(14 38 49 27)(16 45 63 44)(22)(24 30 51 46)(28 57 59 29)(32)(36 47 58 48)(43)
( 1 11  9)( 2  3  7)( 4 10 20)( 5 21  8)( 6 23 26)(12 35 25)(13)(14 27 22)(15 29 42)(16 39 17)(18 24 33)(19 44 41)(28 53 37)(30 46 40)(31 36 54)(32)(34 48 55)(38 43 49)(45 59 56)(47 61 50)(51)(52 58 62)(57 63 60)
( 1  5 12  6)( 2 10 28 15)( 3 16 19  4)( 7 29 45 17)( 8 11 36 34)( 9 23 47 31)(13 24 30 18)(14)(20 44 57 37)(21 48 52 25)(22 27 43 38)(26 35 58 50)(32)(33 46 51 40)(39 59 60 41)(42 53 63 56)(49)(54 61 62 55)
( 1 35 47)( 2 53 45)( 3 44 28)( 4 39 57)( 5 23 36)( 6 21 58)( 7 59 19)( 8 54 52)( 9 61 34)(10 29 16)(11 48 12)(13 46 30)(14 27 43)(15 20 63)(17 42 60)(18 33 51)(22 49 38)(24)(25 55 50)(26 62 31)(32)(37 41 56)(40)
( 1  8)( 2  4)( 3 17)( 5 25)( 6  9)( 7 15)(10 37)(11 31)(12 26)(13 18)(14 22)(16 41)(19 20)(21 34)(23 50)(24 40)(27 38)(28 42)(29 56)(30 33)(32)(35 52)(36 55)(39 45)(43 49)(44 60)(46 51)(47 54)(48 62)(53 57)(58 61)(59 63)
( 1 61)( 2 59)( 3 53)( 4 63)( 5 54)( 6 62)( 7 44)( 8 58)( 9 48)(10 39)(11 35)(12 55)(13 46)(14 49)(15 60)(16 42)(17 57)(18 51)(19 56)(20 29)(21 23)(22 43)(24 33)(25 47)(26 36)(27)(28 41)(30 40)(31 52)(32)(34 50)(37 45)(38)
( 1 54)( 2 39)( 3 42)( 4 53)( 5 55)( 6 61)( 7 20)( 8 35)( 9 21)(10 41)(11 26)(12 62)(13 33)(14 49)(15 59)(16 56)(17 44)(18 46)(19 63)(22 27)(23 25)(24 40)(28 60)(29 37)(30 51)(31 48)(32)(34 58)(36 50)(38 43)(45 57)(47 52)
( 1 25 34)( 2 37 19)( 3 41 45)( 4 17 15)( 5 26 52)( 6  8 31)( 7 56 28)( 9 50 12)(10 42 57)(11 55 47)(13 40 30)(14 22 38)(16 20 60)(18)(21 62 36)(23 54 58)(24 33 51)(27 49 43)(29 39 63)(32)(35 61 48)(44 53 59)(46)
( 1 36 61 26)( 2 16 59 42)( 3 29 53 20)( 4 28 63 41)( 5 48 54  9)( 6 47 62 25)( 7 10 44 39)( 8 12 58 55)(11 23 35 21)(13 24 46 33)(14 43 49 22)(15 45 60 37)(17 19 57 56)(18 30 51 40)(27)(31 34 52 50)(32)(38)
( 1 58)( 2 63)( 3 57)( 4 59)( 5 47)( 6 48)( 7 60)( 8 61)( 9 62)(10 45)(11 52)(12 36)(13 51)(14 43)(15 44)(16 28)(17 53)(18 46)(19 29)(20 56)(21 50)(22 49)(23 34)(24 30)(25 54)(26 55)(27 38)(31 35)(32)(33 40)(37 39)(41 42)
( 1 21 55 31)( 2 20 41 17)( 3 39 56 15)( 4  7 42 37)( 5 35 62 34)( 6 11 54 50)( 8  9 26 25)(10 53 60 19)(12 23 61 52)(13 33 40 18)(14 27 49 38)(16 44 63 45)(22)(24 46 51 30)(28 29 59 57)(32)(36 48 58 47)(43)
( 1 34 25)( 2 19 37)( 3 45 41)( 4 15 17)( 5 52 26)( 6 31  8)( 7 28 56)( 9 12 50)(10 57 42)(11 47 55)(13 30 40)(14 38 22)(16 60 20)(18)(21 36 62)(23 58 54)(24 51 33)(27 43 49)(29 63 39)(32)(35 48 61)(44 59 53)(46)
( 1 62)( 2 60)( 3 63)( 4 56)( 5 61)( 6 55)( 7 57)( 8 50)( 9 52)(10 59)(11 58)(12 54)(13 51)(14 49)(15 41)(16 53)(17 37)(18 40)(19 42)(20 45)(21 47)(22 38)(23 48)(24 46)(25 31)(26 34)(27 43)(28 39)(29 44)(30 33)(32)(35 36)
( 1 55)( 2 41)( 3 56)( 4 42)( 5 62)( 6 54)( 7 37)( 8 26)( 9 25)(10 60)(11 50)(12 61)(13 40)(14 49)(15 39)(16 63)(17 20)(18 33)(19 53)(21 31)(22)(23 52)(24 51)(27 38)(28 59)(29 57)(30 46)(32)(34 35)(36 58)(43)(44 45)(47 48)
( 1 48 50)( 2 44 56)( 3 59 37)( 4 29 60)( 5 58 31)( 6 36 52)( 7 53 41)( 8 23 62)( 9 35 55)(10 63 17)(11 61 25)(12 47 34)(13 46 40)(14 43 38)(15 16 57)(18 24 51)(19 28 45)(20 39 42)(21 54 26)(22 27 49)(30)(32)(33)
Tetrahedron O 24
C...+....1....+....2....+....3....+....4....+....5....+....6....+....7..
N=  64
C...+....1....+....2....+....3....+....4....+....5....+....6....+....7..
 0.001   N=  65
( 1)( 2)( 3)( 4)( 5)( 6)( 7)( 8)( 9)(10)(11)(12)(13)(14)(15)(16)(17)(18)(19)(20)(21)(22)(23)(24)(25)(26)(27)(28)(29)(30)(31)(32)(33)(34)(35)(36)(37)(38)(39)(40)(41)(42)(43)(44)(45)(46)(47)(48)(49)(50)(51)(52)(53)(54)(55)(56)(57)(58)(59)(60)(61)(62)(63)(64)(65)
( 1  6)( 2 18)( 3  8)( 4 23)( 5 11)( 7 20)( 9 37)(10 38)(12 22)(13 28)(14 17)(15 41)(16 21)(19 36)(24 42)(25 51)(26 35)(27 56)(29 57)(30 40)(31 46)(32 33)(34)(39 53)(43 62)(44 54)(45 50)(47 58)(48 64)(49 52)(55 61)(59 63)(60 65)
cyclic O 2
C...+....1....+....2....+....3....+....4....+....5....+....6....+....7..
N=  66
C...+....1....+....2....+....3....+....4....+....5....+....6....+....7..
 0.004   N=  67
( 1)( 2)( 3)( 4)( 5)( 6)( 7)( 8)( 9)(10)(11)(12)(13)(14)(15)(16)(17)(18)(19)(20)(21)(22)(23)(24)(25)(26)(27)(28)(29)(30)(31)(32)(33)(34)(35)(36)(37)(38)(39)(40)(41)(42)(43)(44)(45)(46)(47)(48)(49)(50)(51)(52)(53)(54)(55)(56)(57)(58)(59)(60)(61)(62)(63)(64)(65)(66)(67)
( 1 63)( 2 51)( 3 52)( 4 59)( 5 61)( 6 66)( 7 34)( 8 37)( 9 67)(10 48)(11 32)(12 46)(13 60)(14 40)(15 56)(16 18)(17 54)(19 64)(20 45)(21 62)(22 65)(23 26)(24 47)(25 28)(27 38)(29 41)(30 49)(31 55)(33 50)(35)(36 44)(39 58)(42 53)(43 57)
cyclic O 2
C...+....1....+....2....+....3....+....4....+....5....+....6....+....7..
N=  68
C...+....1....+....2....+....3....+....4....+....5....+....6....+....7..
N=  69
C...+....1....+....2....+....3....+....4....+....5....+....6....+....7..
N=  70
C...+....1....+....2....+....3....+....4....+....5....+....6....+....7..
 0.002   N=  71
( 1)( 2)( 3)( 4)( 5)( 6)( 7)( 8)( 9)(10)(11)(12)(13)(14)(15)(16)(17)(18)(19)(20)(21)(22)(23)(24)(25)(26)(27)(28)(29)(30)(31)(32)(33)(34)(35)(36)(37)(38)(39)(40)(41)(42)(43)(44)(45)(46)(47)(48)(49)(50)(51)(52)(53)(54)(55)(56)(57)(58)(59)(60)(61)(62)(63)(64)(65)(66)(67)(68)(69)(70)(71)
( 1 70)( 2 61)( 3 62)( 4 64)( 5 68)( 6 69)( 7 71)( 8 46)( 9 42)(10 44)(11 51)(12 60)(13 57)(14 54)(15 65)(16 67)(17 48)(18 63)(19 66)(20 37)(21 39)(22 25)(23 30)(24 55)(26 52)(27 41)(28 36)(29 49)(31 53)(32 47)(33 58)(34 59)(35)(38 50)(40 56)(43 45)
cyclic O  2
C...+....1....+....2....+....3....+....4....+....5....+....6....+....7..
N=  72
C...+....1....+....2....+....3....+....4....+....5....+....6....+....7..
